systematic name	pearson correlation	average of first 90 nt	number of peaks	peakwidth	start of peak [nt]	maximal peak height	average peak height	
YAL038W	0.965167141026	48.90954711938507	5	61	262	6.722380585582582	3.60916231477		30	640	3.5039183084657344	2.60814813331		36	965	5.35320852682265	3.06539295742		44	1156	8.467802578792192	3.14830393088		40	1430	5.10988086651253	2.57716819553		
YAL038W	0.965167141026	47.85019196688284	5	61	262	7.702080176994929	3.4530922492		30	640	6.45300293835714	2.64331043484		30	965	6.340916038683443	3.31002570871		44	1156	5.673845675275846	3.04227328652		39	1430	4.794828486041493	2.62245456465		
YAL021C	0.704179766801	1.334667497361824	1	25	1687	22.858079178669808	6.86978930161		
YAL021C	0.704179766801	1.3780058162803854	1	25	1687	22.00831527674239	6.76141668016		
YAL003W	0.972682682825	14.769714724170734	2	60	498	50.003834193729745	7.49535353345		37	552	9.152863530126838	3.21638058379		
YAL003W	0.972682682825	14.1259158257164	2	52	498	12.799256448453619	5.5183804586		37	552	5.988642925423252	2.7324517801		
YAL039C	0.762048396759	0.8218487343547906	1	16	576	23.86356919723023	7.91203620129		
YAL039C	0.762048396759	0.6844775374453852	1	24	576	35.44611450195714	13.1707660076		
YAL005C	0.93841981541	6.367926184355574	2	76	779	14.234668128142044	3.69362797304		58	1171	10.219761733025058	3.8083305682		
YAL005C	0.93841981541	7.049478985543585	2	76	779	10.92046651106593	3.73987713763		58	1171	14.046890391250127	4.67067152247		
YAR015W	0.926229353144	6.382019582609649	2	27	695	21.899489427910837	7.82103427593		20	732	25.54940433256264	8.56227463559		
YAR015W	0.926229353144	6.218003501898849	2	27	695	23.602298588432813	6.58556733995		20	732	20.784113682351286	8.2930926775		
YAL012W	0.95448787528	2.8086670623013177	1	47	1027	40.34482758620693	6.09025837484		
YAL012W	0.95448787528	2.695785462922977	1	46	1027	12.681832077366886	4.60576967118		
